00000000 -> IU
00000001
00000010
00000011
00000100
00000101
00000110
00000111 -> IU
00001000
00001001
00001010
00001011
00001100


0-7 = DTU
8-63 = ALU
64 - 127 = CU
128 - 191 = ADV
192 - 255 = FPU


001000
001001
001010
001011
001100
001101
001110
001111
010000
010001
010010
010011
010100
010101
010110
010111
011000
011001
011010
011011
011100
011101
011110
011111
100000
100001
100010
100011
100100
100101
100110
100111
101000
101001
101010
101011
101100
101101
101110
101111
110000
110001
110010
110011
110100
110101
110110
110111
111000
111001
111010
111011
111100
111101
111110
111111
